160 0
200 0
280 0
360 0
400 0
120 40
200 40
280 40
360 40
440 40
0 80
40 80
80 80
200 80
280 80
360 80
480 80
520 80
560 80
80 120
200 120
240 120
320 120
360 120
480 120
80 160
120 160
200 160
280 160
360 160
440 160
480 160
0 200
40 200
80 200
120 200
160 200
200 200
240 200
280 200
320 200
360 200
400 200
440 200
480 200
520 200
560 200
120 240
200 240
360 240
440 240
0 280
40 280
80 280
160 280
200 280
360 280
400 280
480 280
520 280
560 280
120 320
200 320
360 320
440 320
0 360
40 360
80 360
120 360
160 360
200 360
240 360
280 360
320 360
360 360
400 360
440 360
480 360
520 360
560 360
80 400
120 400
200 400
280 400
360 400
440 400
480 400
80 440
200 440
240 440
320 440
360 440
480 440
0 480
40 480
80 480
200 480
280 480
360 480
480 480
520 480
560 480
120 520
200 520
280 520
360 520
440 520
160 560
200 560
280 560
360 560
400 560
0 120
40 120
0 160
40 160
520 120
560 120
520 160
560 160
0 400
40 400
0 440
40 440
520 400
560 400
520 440
560 440
240 280
280 240
280 320
320 280
280 280
240 240
320 320
240 320
320 240
-100 -560
-560 -100
40 0
240 0
320 0
520 0
40 40
80 40
160 40
240 40
320 40
400 40
480 40
520 40
120 80
160 80
240 80
320 80
400 80
440 80
120 120
160 120
280 120
400 120
440 120
160 160
240 160
320 160
400 160
0 240
40 240
80 240
160 240
400 240
480 240
520 240
560 240
120 280
440 280
0 320
40 320
80 320
160 320
400 320
480 320
520 320
560 320
160 400
240 400
320 400
400 400
120 440
160 440
280 440
400 440
440 440
120 480
160 480
240 480
320 480
400 480
440 480
40 520
80 520
160 520
240 520
320 520
400 520
480 520
520 520
40 560
240 560
320 560
520 560
