120 160
160 120
160 160
120 360
160 400
160 360
400 160
400 120
440 160
400 360
400 400
440 360
120 0
160 0
160 40
200 0
200 40
200 80
200 120
200 160
240 0
240 40
240 80
240 120
240 160
280 0
280 40
280 80
280 120
280 160
320 0
320 40
320 80
320 120
320 160
360 0
360 40
360 80
360 120
360 160
400 40
400 0
440 0
120 560
160 520
160 560
200 560
200 520
200 480
200 440
200 400
240 400
240 440
240 480
240 520
240 560
280 400
280 440
280 480
280 520
280 560
320 400
320 440
320 480
320 520
320 560
360 400
360 440
360 480
360 520
360 560
400 520
400 560
440 560
0 0
40 0
80 0
120 40
440 40
480 0
520 0
560 0
0 560
40 560
80 560
120 520
440 520
480 560
520 560
560 560
0 240
0 280
0 320
40 280
560 240
560 280
560 320
520 280
80 40
80 80
80 120
480 40
480 80
480 120
80 440
80 480
80 520
480 440
480 480
480 520
200 200
200 240
200 280
200 360
360 200
360 280
360 320
360 360
