280 280
240 240
200 240
240 200
320 240
320 200
360 240
240 320
240 360
200 320
320 320
320 360
360 320
120 200
120 240
120 280
160 280
120 320
120 360
200 120
240 120
280 120
280 160
320 120
360 120
440 200
440 240
400 280
440 280
440 320
440 360
200 440
240 440
280 440
280 400
320 440
360 440
280 240
280 200
240 280
200 280
320 280
360 280
280 320
280 360
200 200
200 360
360 200
360 360
160 160
160 200
160 240
200 160
240 160
320 160
360 160
400 160
400 200
400 240
400 320
400 360
400 400
360 400
320 400
240 400
200 400
160 400
160 360
160 320
160 160
160 200
160 240
200 160
240 160
320 160
360 160
400 160
400 200
400 240
400 320
400 360
400 400
360 400
320 400
240 400
200 400
160 400
160 360
160 320
0 200
40 200
80 200
40 240
0 280
40 280
80 280
40 320
0 360
40 360
80 360
200 0
200 40
200 80
240 40
280 0
280 40
280 80
320 40
360 0
360 40
360 80
560 200
520 200
480 200
520 240
520 280
480 280
520 320
560 280
520 360
480 360
560 360
360 560
200 560
200 520
200 480
240 520
280 480
280 520
280 560
320 520
360 480
360 520
0 160
40 160
80 160
120 160
560 160
520 160
480 160
440 160
0 400
40 400
80 400
120 400
560 400
520 400
480 400
440 400
160 0
160 40
160 80
160 120
160 560
160 520
160 480
160 440
400 0
400 40
400 80
400 120
400 560
400 520
400 480
400 440