0 240
40 240
80 240
120 240
160 240
200 240
360 240
400 240
440 240
480 240
520 240
560 240
0 280
40 280
80 280
120 280
160 280
200 280
360 280
400 280
440 280
480 280
520 280
560 280
480 0
0 0
0 40
0 80
40 0
40 40
80 0
560 0
560 40
560 80
520 0
520 40
40 160
80 160
120 160
520 160
480 160
440 160
560 520
560 560
560 480
80 560
40 520
40 560
0 560
0 520
0 480
520 560
520 520
480 560
0 360
40 360
80 360
120 360
160 360
200 360
240 360
280 360
320 360
360 360
400 360
440 360
480 360
520 360
560 360
0 440
40 440
80 440
120 440
160 440
200 440
240 440
280 440
320 440
360 440
400 440
440 440
480 440
520 440
560 440
0 400
160 400
200 400
360 400
400 400
560 400
280 560
280 520
280 480
120 0
160 0
200 0
240 0
280 0
320 0
360 0
400 0
440 0
80 40
120 40
160 40
200 40
240 40
280 40
320 40
360 40
400 40
440 40
480 40
40 80
80 80
120 80
160 80
200 80
240 80
280 80
320 80
360 80
400 80
440 80
480 80
520 80
0 120
40 120
80 120
120 120
160 120
200 120
240 120
280 120
320 120
360 120
400 120
440 120
480 120
520 120
560 120
0 160
160 160
200 160
240 160
280 160
320 160
360 160
400 160
560 160
0 200
40 200
80 200
560 200
520 200
480 200